0.985448
0.815636
0.872891
0.983644
0.964576
0.917676
0.87394
1
0.824657
0.752862
0.815331
0.918094
0.906053
0.818394
0.750237
0.882761
0.741518
0.690211
0.760471
0.776522
0.751767
0.752047
0.685932
0.835714
0.66513
0.654377
0.694042
0.61869
0.637279
0.704924
0.650263
0.75327
0.61922
0.592586
0.637839
0.596771
0.564828
0.630851
0.606898
0.652729
0.627479
0.583824
0.6449
0.65412
0.620705
0.605325
0.571237
0.615224
0.607978
0.567786
0.601571
0.625114
0.624157
0.601164
0.551326
0.633974
0.623702
0.588484
0.605621
0.620146
0.655454
0.617176
0.624809
0.678174
