1
0.792596
0.83185
0.92612
0.904863
0.8656
0.835184
0.985781
0.798398
0.695588
0.736741
0.820185
0.809432
0.735984
0.686765
0.841905
0.717179
0.635377
0.684198
0.693925
0.672029
0.675488
0.626193
0.795012
0.656647
0.607492
0.631711
0.563715
0.580203
0.64159
0.601279
0.725759
0.624949
0.556047
0.588392
0.549133
0.519582
0.581375
0.567679
0.640442
0.640321
0.551704
0.599097
0.605029
0.574755
0.562017
0.539288
0.616823
0.639518
0.548987
0.570196
0.589472
0.588087
0.569243
0.532264
0.656169
0.738908
0.631581
0.63009
0.637545
0.669006
0.634431
0.65489
0.770944
